-124 -33 23 51 12 27
-271 -15 20 77 16 28
-473 138 34 48 11 31
-453 187 35 52 12 32
-315 177 40 42 10 2930
-296 117 31 91 12 29
-237 145 38 74 17 30
-177 99  19 52 14 131
-149 71  45 43 16 132 
-73 255  49 115 17 33
1 -70 19 16 17 25
19 -46 19 26 7 26
48 -70 7 22 4 23
72 -114 30 21 4 22
113 -94 22 9 4 21
138 -107 23 13 6 20 
135 -66 12 19 6 24
455 -33 41 68 16 8
483 39 24 37 11 7
474 79 26 24 5 6
548 111 27 27 7 5
616 136 72 22 6 4
663 184 49 35 10 3
210 112 50 44 16 162
188 73 48 18 6 15
233 51 23 14 6 161
248 79 25 19 8 17
282 69 24 21 8 181
268 42 15 19 10 182
304 37 26 17 7 13
318 60 22 21 8 12 
345 34 21 17 8 11
365 62 21 15 6 10
388 35 33 22 6 91
420 59 27 21 7 9

